7.34e+01 7.00e-02 5.80e-01 0.00e+00 2.90e-01 3.00e-02 1.50e-01 9.21e+00 7.00e-02 2.80e-01 9.29e+00 1.09e+00 3.30e+00 2.10e-01 6.90e-01 1.00e-02 1.00e-02 2.60e-01 1.11e+00
4.83e+00 2.34e+01 2.20e+01 0.00e+00 1.30e-01 1.26e+01 8.72e+00 2.16e+01 5.20e-01 8.70e-01 1.77e+00 4.90e-01 2.76e+00 0.00e+00 3.00e-02 0.00e+00 0.00e+00 1.90e-01 7.00e-02
1.68e+00 1.22e+00 8.67e+01 1.00e-02 3.70e-01 1.11e+00 5.30e-01 3.35e+00 1.90e-01 3.60e-01 2.18e+00 0.00e+00 1.55e+00 2.00e-02 3.60e-01 0.00e+00 1.00e-01 1.00e-02 2.70e-01
4.90e+00 0.00e+00 2.33e+01 5.33e+00 2.83e+01 0.00e+00 3.00e-02 9.17e+00 5.37e+00 1.14e+01 2.69e+00 0.00e+00 4.52e+00 2.30e-01 3.79e+00 0.00e+00 0.00e+00 4.00e-02 1.00e+00
1.65e+00 1.00e-02 4.05e+00 4.80e-01 5.32e+01 2.00e-02 1.00e-02 1.17e+01 1.21e+00 6.52e+00 2.18e+00 0.00e+00 1.13e+01 7.20e-01 3.55e+00 0.00e+00 4.00e-02 0.00e+00 3.36e+00
1.25e+01 7.82e+00 1.00e+01 0.00e+00 2.00e-02 3.32e+01 1.89e+01 7.96e+00 1.70e-01 3.10e-01 1.26e+00 2.00e-02 4.23e+00 3.00e-02 2.86e+00 2.00e-02 0.00e+00 1.10e-01 6.30e-01
6.82e+00 1.65e+00 4.93e+00 0.00e+00 1.70e-01 1.05e+01 3.63e+01 2.99e+01 1.00e-02 2.00e-02 6.80e-01 1.01e+00 2.90e+00 0.00e+00 4.50e+00 0.00e+00 0.00e+00 0.00e+00 5.90e-01
1.18e+00 1.70e-01 3.90e-01 0.00e+00 1.00e-01 2.00e-02 3.50e-01 9.19e+01 3.00e-02 2.70e-01 3.30e-01 1.16e+00 3.11e+00 8.00e-02 3.60e-01 1.00e-02 0.00e+00 1.50e-01 3.50e-01
7.30e+00 5.00e-02 7.43e+00 3.20e-01 1.01e+01 6.00e-02 5.30e-01 3.80e+01 3.34e+00 1.33e+01 2.82e+00 6.20e-01 7.24e+00 4.10e-01 6.18e+00 0.00e+00 5.00e-02 2.40e-01 2.05e+00
5.91e+00 1.20e-01 4.72e+00 1.00e-02 4.33e+00 1.00e-01 3.10e-01 2.58e+01 1.82e+00 3.86e+01 4.91e+00 0.00e+00 8.34e+00 7.60e-01 2.98e+00 2.00e-02 1.00e-02 2.60e-01 1.05e+00
2.40e-01 1.00e-02 4.10e-01 0.00e+00 6.00e-02 1.00e-02 1.00e-02 7.00e-02 1.00e-02 9.00e-02 9.69e+01 0.00e+00 1.47e+00 2.00e-02 1.00e-02 0.00e+00 1.80e-01 0.00e+00 4.80e-01
7.00e-02 0.00e+00 1.00e-02 0.00e+00 0.00e+00 0.00e+00 0.00e+00 5.02e+00 0.00e+00 0.00e+00 0.00e+00 9.19e+01 2.90e+00 3.00e-02 0.00e+00 0.00e+00 0.00e+00 6.00e-02 0.00e+00
8.70e-01 1.00e-02 4.50e-01 0.00e+00 2.40e-01 3.00e-02 4.00e-02 5.97e+00 1.00e-02 1.90e-01 2.91e+00 4.50e-01 8.56e+01 2.70e-01 4.30e-01 1.00e-02 1.90e-01 5.00e-02 2.27e+00
5.74e+00 6.00e-02 2.22e+00 2.00e-02 1.32e+00 6.00e-02 2.10e-01 4.12e+01 2.00e-01 2.44e+00 1.69e+00 2.16e+00 2.74e+01 9.23e+00 2.21e+00 8.00e-02 1.00e-02 6.10e-01 3.23e+00
1.17e+01 2.10e-01 1.64e+00 0.00e+00 1.33e+00 7.00e-02 1.24e+00 3.32e+01 2.60e-01 9.80e-01 1.16e+00 0.00e+00 1.07e+01 6.10e-01 2.52e+01 1.00e-02 0.00e+00 0.00e+00 1.17e+01
2.61e+00 2.00e-02 2.10e-01 0.00e+00 0.00e+00 3.00e-02 0.00e+00 5.29e+01 0.00e+00 2.30e-01 0.00e+00 3.56e+00 3.26e+01 1.88e+00 4.00e-02 3.34e+00 0.00e+00 2.49e+00 8.00e-02
2.70e-01 6.00e-02 6.88e+00 0.00e+00 5.20e-01 3.00e-02 0.00e+00 1.70e-01 0.00e+00 5.00e-02 4.84e+01 0.00e+00 1.36e+01 0.00e+00 0.00e+00 0.00e+00 2.68e+01 0.00e+00 3.20e+00
1.09e+01 6.00e-02 2.19e+00 0.00e+00 2.40e-01 1.70e-01 1.00e-01 4.14e+01 2.60e-01 3.04e+00 1.89e+00 7.50e-01 1.27e+01 1.78e+00 8.50e-01 2.70e-01 0.00e+00 2.27e+01 7.90e-01
1.98e+00 4.00e-02 7.70e-01 0.00e+00 2.80e-01 2.00e-02 8.00e-02 6.02e+00 4.00e-02 2.40e-01 4.39e+01 0.00e+00 1.73e+01 2.70e-01 2.88e+00 0.00e+00 9.00e-02 0.00e+00 2.61e+01
